74 40 94 60 1
104 34 124 58 1
128 40 146 62 1
158 38 178 60 1
180 40 194 58 1
198 46 212 60 1
216 36 230 62 1
234 40 254 60 1
274 38 294 58 1
294 40 304 60 1
310 38 326 62 1
330 44 346 64 1
348 40 372 60 1
392 42 406 60 1
408 42 424 60 1
426 40 440 62 1
608 40 622 62 1
632 40 648 62 1
648 46 662 64 1
668 46 680 62 1
684 44 702 62 1
706 44 726 64 1
816 44 834 62 1
734 44 752 62 1
754 44 766 62 1
948 46 964 62 1
900 40 926 60 1
1004 42 1024 64 1
1040 46 1054 64 1
1172 44 1192 62 1
1194 40 1212 58 1
1212 44 1224 66 1
1232 46 1246 62 1
44 10 54 26 2
624 20 636 30 2
800 42 812 60 1
38 126 54 150 1
66 126 84 140 1
108 124 122 142 1
130 126 142 142 1
142 124 154 146 1
196 124 210 144 1
216 130 234 148 1
230 124 244 140 1
270 124 290 144 1
310 128 326 152 1
330 128 342 148 1
348 126 366 148 1
380 128 394 152 1
402 132 418 146 1
422 128 440 148 1
662 126 676 144 1
648 128 660 142 1
610 124 630 144 1
722 126 738 148 1
844 124 862 142 1
868 126 882 148 1
882 124 900 148 1
924 126 942 142 1
1172 128 1194 148 1
1204 126 1224 146 1
1228 128 1252 148 1
858 46 872 62 1
876 48 888 66 1
808 128 830 152 1
788 126 806 144 1
770 126 784 146 1
746 126 770 146 1
584 68 602 82 2
234 242 258 264 2
834 402 858 424 2
1104 456 1126 476 2
260 482 282 496 2
196 498 212 514 2
206 512 220 530 2
252 512 266 530 2
562 534 580 552 2
392 538 412 556 2
1036 538 1058 558 2
1044 522 1066 540 2
1144 504 1166 524 2
348 416 366 432 2
1124 416 1138 436 2
966 412 984 428 2
662 694 684 716 2
732 680 744 696 2
742 686 758 702 2
828 672 858 692 2
862 656 884 680 2
1010 660 1034 676 2
1010 690 1034 712 2
492 672 504 686 2
206 582 222 600 2
264 572 282 590 2
872 610 896 630 2
996 602 1014 624 2
1110 360 1134 382 2
42 214 60 236 1
66 216 78 232 1
100 214 118 232 1
134 216 148 236 1
160 218 174 234 1
178 216 190 234 1
196 214 214 232 1
234 216 246 234 1
260 216 280 234 1
286 220 302 234 1
330 214 342 230 1
346 216 360 234 1
372 218 400 236 1
424 216 442 236 1
444 220 460 238 1
572 220 588 234 1
596 216 608 232 1
614 218 624 236 1
652 220 664 238 1
644 168 658 178 2
648 182 664 200 2
902 184 930 206 2
910 160 926 178 2
998 148 1014 168 2
666 212 680 232 1
684 220 696 234 1
744 216 768 234 1
774 218 804 236 1
810 214 838 236 1
864 216 884 238 1
908 220 926 238 1
960 218 980 236 1
982 216 998 234 1
1000 216 1018 234 1
1210 218 1226 236 1
40 302 68 322 1
136 300 150 320 1
176 300 198 318 1
292 302 312 316 1
202 300 218 314 1
336 302 358 324 1
366 300 398 320 1
400 298 412 320 1
430 300 448 318 1
588 300 604 318 1
606 302 636 316 1
644 306 658 318 1
666 302 676 316 1
680 306 692 322 1
696 302 718 316 1
724 300 736 320 1
738 302 752 320 1
758 304 772 322 1
770 302 784 316 1
788 300 806 320 1
808 302 824 320 1
828 304 842 314 1
862 298 884 318 1
932 302 954 320 1
958 302 976 320 1
978 304 990 320 1
998 302 1018 322 1
1056 300 1072 318 1
1222 300 1238 320 1
1200 302 1218 318 1
902 276 920 294 2
320 354 340 370 2
676 334 696 348 2
942 372 962 386 2
894 334 914 348 2
50 382 72 402 1
74 386 92 404 1
106 382 130 404 1
30 386 38 406 1
62 352 80 370 2
132 382 150 402 1
158 386 192 400 1
210 386 232 400 1
284 386 296 400 1
322 386 338 406 1
346 386 376 398 1
384 386 398 400 1
400 386 418 402 1
436 386 450 400 1
570 388 586 406 1
606 388 628 408 1
666 390 684 404 1
686 394 698 406 1
710 386 728 406 1
738 384 758 404 1
762 384 772 402 1
788 382 804 398 1
774 386 788 400 1
828 386 840 400 1
810 386 828 404 1
852 384 864 400 1
868 386 884 400 1
938 388 958 400 1
960 390 974 404 1
994 388 1016 406 1
1060 388 1074 404 1
904 386 922 400 1
916 382 930 400 1
1182 390 1218 404 1
28 468 40 480 1
42 470 54 482 1
58 470 70 484 1
98 468 112 480 1
126 466 148 484 1
168 470 186 482 1
186 466 206 484 1
218 470 230 482 1
234 466 246 482 1
304 468 324 482 1
280 464 294 484 1
250 466 270 480 1
330 468 342 486 1
358 468 376 484 1
398 472 418 486 1
434 470 444 486 1
444 468 456 488 1
656 468 670 486 1
630 472 650 486 1
584 470 604 482 1
722 474 734 488 1
750 468 764 484 1
788 470 800 486 1
806 468 822 484 1
828 470 848 490 1
874 470 892 484 1
926 474 938 486 1
938 468 952 488 1
1002 470 1022 484 1
956 474 974 488 1
1180 474 1194 492 1
1218 474 1238 496 1
1232 468 1244 486 1
56 556 74 576 1
88 558 102 572 1
110 556 128 576 1
144 556 172 574 1
188 558 206 574 1
214 558 236 572 1
276 558 290 574 1
290 554 304 574 1
258 560 270 576 1
350 560 370 576 1
372 558 384 572 1
386 554 402 574 1
594 556 608 574 1
608 562 618 576 1
628 558 642 572 1
644 556 664 576 1
696 560 716 574 1
718 558 732 578 1
670 562 690 576 1
746 560 760 584 1
766 560 778 574 1
800 562 828 574 1
878 560 896 578 1
858 562 870 576 1
912 556 934 576 1
896 560 906 578 1
996 562 1014 576 1
1206 560 1228 574 1
1060 558 1076 576 1
1044 566 1054 580 1
52 640 62 656 1
66 638 78 658 1
160 636 178 658 1
188 640 198 658 1
202 640 210 658 1
216 638 228 656 1
232 640 244 658 1
250 640 262 660 1
298 642 308 660 1
310 638 324 660 1
388 640 398 654 1
408 640 420 654 1
434 638 454 662 1
460 642 472 660 1
590 642 604 658 1
616 646 634 658 1
646 646 670 660 1
684 638 702 656 1
738 640 752 656 1
756 640 774 660 1
794 644 810 658 1
814 640 828 654 1
834 642 850 658 1
920 642 940 662 1
868 644 884 658 1
854 644 866 658 1
1038 642 1054 660 1
1056 644 1074 660 1
1186 642 1200 658 1
1214 646 1230 660 1
1226 636 1244 654 1
1232 560 1242 576 1
14 728 28 746 1
68 726 82 744 1
108 724 122 738 1
124 722 136 742 1
144 728 156 740 1
162 724 176 742 1
184 722 198 740 1
202 722 216 740 1
216 726 234 740 1
258 724 272 740 1
282 724 294 742 1
448 726 462 742 1
422 722 442 742 1
412 726 422 742 1
400 726 410 742 1
390 722 400 736 1
368 726 384 738 1
346 726 358 746 1
328 726 346 740 1
308 726 324 744 1
294 722 306 742 1
582 722 594 738 1
592 728 604 746 1
610 728 620 742 1
670 728 690 746 1
704 724 718 740 1
730 726 740 744 1
742 728 754 744 1
766 726 776 746 1
780 728 790 746 1
810 724 836 744 1
840 726 860 744 1
868 726 888 744 1
896 726 908 746 1
912 722 930 740 1
946 726 964 748 1
986 722 998 740 1
1002 726 1014 742 1
1022 722 1052 740 1
1056 726 1070 744 1
1192 722 1216 740 1
1224 726 1242 744 1
978 642 998 656 1
58 694 78 714 2
990 580 1002 598 2
960 560 976 576 1
1020 560 1030 574 1
978 538 992 554 2
902 520 916 532 2
900 488 914 502 2
1002 508 1022 526 2
1034 486 1046 500 2
444 558 464 572 1
408 558 420 572 1
28 808 50 822 1
50 808 62 822 1
84 806 98 822 1
104 810 118 822 1
126 808 138 822 1
138 808 152 824 1
178 808 192 824 1
200 804 214 824 1
216 808 228 824 1
232 808 254 820 1
330 808 344 824 1
344 806 360 820 1
408 812 420 824 1
442 806 456 822 1
454 810 466 824 1
592 806 610 822 1
614 810 628 822 1
678 808 698 820 1
708 814 722 828 1
730 808 742 826 1
756 810 774 828 1
780 808 794 822 1
796 810 816 832 1
820 808 834 822 1
836 802 864 822 1
870 808 886 820 1
890 814 920 832 1
964 808 984 824 1
1002 806 1018 826 1
1036 802 1076 824 1
1188 808 1206 826 1
1206 802 1224 822 1
894 790 912 810 2
740 864 764 886 2
352 854 372 870 2
422 864 442 880 2
444 840 462 858 2
556 868 578 882 2
1056 842 1068 860 2
834 872 856 888 2
326 918 346 936 2
234 942 248 960 2
18 896 36 910 1
38 896 52 910 1
86 896 102 910 1
112 896 126 914 1
132 892 146 908 1
146 896 160 914 1
166 896 188 912 1
224 896 236 910 1
240 894 258 912 1
278 894 298 916 1
302 892 314 910 1
330 890 348 910 1
354 900 368 914 1
378 892 396 910 1
410 896 440 914 1
534 892 552 910 1
558 894 582 910 1
584 898 598 916 1
614 894 636 912 1
636 892 652 912 1
658 894 672 914 1
682 900 696 916 1
722 894 734 914 1
736 902 746 918 1
748 896 764 912 1
772 894 792 912 1
800 896 814 914 1
822 892 840 906 1
844 894 864 916 1
880 894 894 912 1
902 890 930 914 1
938 894 952 908 1
956 898 970 914 1
972 898 986 916 1
986 890 1000 910 1
1008 894 1020 912 1
1184 894 1194 912 1
1200 896 1214 910 1
1160 898 1172 916 1
1222 898 1240 910 1
12 980 32 996 1
32 980 42 998 1
70 980 88 994 1
90 980 102 994 1
106 974 122 994 1
128 982 140 994 1
144 980 160 994 1
170 978 180 992 1
182 978 194 994 1
206 982 212 992 1
216 980 234 994 1
240 976 256 996 1
308 976 320 992 1
326 984 344 998 1
350 980 366 994 1
380 982 394 994 1
412 978 432 994 1
544 982 552 1000 1
556 982 572 996 1
576 976 592 994 1
598 980 610 996 1
614 980 628 994 1
634 982 646 994 1
652 982 684 996 1
710 982 742 996 1
742 976 760 992 1
764 980 782 994 1
802 976 822 996 1
840 976 854 990 1
856 982 876 1000 1
870 984 890 1002 1
898 980 928 994 1
976 980 1004 1000 1
1022 980 1038 998 1
948 980 966 992 1
1152 982 1166 998 1
1174 980 1188 994 1
1192 982 1214 994 1
1216 976 1228 992 1
288 980 302 994 1
256 982 268 994 1
272 808 292 822 1
346 642 362 656 1
594 1060 612 1078 1
618 1062 630 1080 1
654 1064 668 1084 1
674 1060 688 1080 1
692 1062 700 1080 1
706 1060 722 1080 1
728 1062 740 1082 1
764 1064 778 1082 1
782 1062 796 1076 1
834 1064 856 1078 1
862 1060 878 1080 1
878 1060 890 1080 1
912 1066 930 1078 1
938 1066 952 1080 1
968 1062 986 1080 1
1008 1060 1026 1078 1
986 1062 1004 1080 1
1154 1060 1174 1076 1
1176 1058 1190 1076 1
1210 1056 1226 1076 1
406 1064 424 1078 1
388 1064 408 1078 1
366 1060 382 1078 1
344 1062 362 1076 1
312 1064 326 1078 1
296 1062 310 1078 1
256 1064 272 1076 1
190 1062 208 1074 1
144 1062 168 1076 1
132 1064 144 1076 1
110 1062 130 1076 1
74 1064 88 1078 1
54 1064 68 1074 1
30 1064 46 1078 1
10 1066 28 1080 1
924 1020 936 1040 2
1026 1010 1044 1022 2
136 1024 152 1034 2
224 1070 242 1086 2
260 1080 274 1090 2
274 1080 292 1104 2
424 1120 446 1136 2
20 1082 44 1094 2
810 1196 828 1212 2
1162 1176 1180 1196 2
1130 1196 1146 1216 2
44 1144 66 1162 1
92 1148 112 1162 1
124 1148 146 1162 1
146 1146 160 1162 1
180 1142 200 1160 1
238 1146 256 1166 1
272 1148 286 1160 1
286 1142 304 1162 1
308 1148 324 1168 1
352 1148 368 1162 1
378 1148 398 1162 1
600 1152 614 1164 1
616 1148 628 1164 1
632 1144 646 1162 1
706 1150 724 1164 1
728 1148 744 1164 1
778 1146 792 1164 1
796 1142 814 1162 1
854 1146 870 1164 1
880 1142 894 1162 1
896 1142 908 1160 1
1150 1144 1168 1162 1
1174 1146 1188 1160 1
1192 1144 1204 1162 1
556 1146 568 1164 1
932 1148 950 1166 1
968 1148 982 1168 1
992 1144 1014 1162 1
70 1236 90 1250 1
56 1238 66 1254 1
38 1234 58 1254 1
18 1234 38 1252 1
106 1234 124 1252 1
144 1236 164 1254 1
222 1236 238 1252 1
238 1234 252 1252 1
254 1232 272 1252 1
358 1232 380 1250 1
392 1234 412 1254 1
564 1236 584 1254 1
594 1234 612 1252 1
644 1236 654 1248 1
656 1232 668 1250 1
670 1234 684 1252 1
694 1234 708 1248 1
710 1230 726 1252 1
732 1232 752 1254 1
768 1232 782 1252 1
784 1228 804 1246 1
812 1232 856 1252 1
898 1232 922 1246 1
932 1230 962 1248 1
970 1234 984 1252 1
1008 1236 1022 1250 1
1024 1236 1036 1252 1
1162 1232 1174 1248 1
1178 1232 1192 1252 1
1200 1236 1212 1250 1
776 1310 794 1332 1
764 1314 774 1336 1
748 1318 758 1332 1
730 1314 746 1332 1
706 1316 724 1338 1
406 1324 422 1336 1
536 1320 556 1336 1
556 1318 570 1336 1
608 1316 628 1334 1
666 1318 684 1334 1
800 1318 812 1336 1
818 1316 834 1336 1
838 1320 852 1334 1
854 1324 874 1336 1
878 1318 892 1334 1
898 1320 904 1334 1
912 1316 924 1334 1
932 1318 946 1334 1
962 1314 980 1334 1
994 1318 1022 1332 1
1152 1316 1170 1336 1
320 1318 336 1330 1
296 1320 314 1336 1
270 1318 292 1336 1
222 1320 238 1334 1
194 1318 218 1336 1
144 1318 166 1332 1
40 1320 56 1338 1
12 1316 26 1334 1
44 38 1254 64 3
40 128 1260 148 3
38 220 1244 242 3
38 300 1248 324 3
32 384 1250 406 3
28 472 1248 490 3
22 554 1238 578 3
20 636 1254 666 3
14 720 1238 750 3
16 806 1236 830 3
12 894 1230 914 3
8 978 1224 1002 3
8 1062 1230 1088 3
2 1146 1234 1168 3
2 1232 1226 1254 3
0 1310 1236 1338 3
