424 52 442 72 1
408 56 422 72 1
390 52 408 68 1
352 54 372 70 1
336 54 352 70 1
306 52 328 68 1
288 52 306 68 1
254 58 268 72 1
238 52 254 68 1
208 56 226 68 1
180 52 198 70 1
160 52 172 72 1
116 52 142 68 1
88 52 104 66 1
62 52 80 68 1
582 52 604 70 1
612 58 626 76 1
650 54 666 76 1
666 56 678 78 1
684 56 700 74 1
704 58 716 74 1
718 52 734 70 1
740 54 752 70 1
758 54 776 70 1
780 56 796 74 1
796 52 814 72 1
820 52 846 74 1
854 52 870 72 1
874 52 886 70 1
896 54 928 70 1
932 52 948 70 1
960 54 978 72 1
988 50 1004 68 1
1008 54 1022 70 1
1024 52 1038 72 1
1038 52 1054 68 1
1058 54 1072 68 1
1184 54 1202 72 1
1208 52 1224 68 1
1228 54 1246 70 1
1250 54 1262 72 1
1268 54 1276 72 1
78 134 96 150 1
100 136 116 152 1
176 138 204 156 1
210 140 226 154 1
248 136 264 152 1
272 136 290 152 1
306 136 318 148 1
326 134 338 150 1
360 136 376 150 1
382 136 400 152 1
438 136 456 154 1
604 138 626 160 1
588 140 602 152 1
572 138 590 160 1
630 142 642 156 1
644 142 654 158 1
658 134 670 156 1
696 132 708 152 1
714 138 728 156 1
730 134 746 156 1
752 140 766 158 1
776 138 790 156 1
792 132 810 156 1
816 134 830 152 1
832 136 840 154 1
842 134 856 156 1
862 140 874 156 1
894 134 912 158 1
924 134 936 158 1
940 134 958 160 1
964 138 980 154 1
978 132 994 152 1
1022 140 1038 158 1
1054 132 1070 154 1
1178 136 1190 152 1
1198 136 1214 152 1
418 18 442 40 2
512 30 530 44 2
710 12 732 28 2
994 4 1010 20 2
258 84 274 100 2
54 70 76 86 2
986 160 1008 178 2
886 180 908 196 2
1142 202 1168 228 2
1018 212 1038 230 2
306 160 324 178 2
250 200 272 222 2
202 206 228 226 2
106 198 128 212 2
850 198 864 218 2
502 184 528 200 2
936 258 954 278 2
934 276 960 294 2
216 356 232 374 2
650 346 672 364 2
894 366 914 384 2
952 346 978 364 2
986 328 1012 344 2
1180 356 1198 374 2
1066 366 1088 384 2
1096 354 1108 370 2
1104 446 1122 464 2
208 454 236 474 2
192 410 210 424 2
116 342 132 358 2
260 336 274 354 2
264 362 278 380 2
746 342 762 356 2
796 330 818 348 2
934 412 956 428 2
702 422 720 440 2
764 422 782 442 2
462 424 482 442 2
1232 140 1252 156 1
60 228 74 242 1
76 228 92 240 1
98 222 110 240 1
116 228 134 244 1
148 222 166 242 1
166 226 190 244 1
192 228 214 244 1
218 228 228 242 1
230 228 246 246 1
250 230 272 242 1
276 228 294 242 1
298 228 320 240 1
326 228 342 244 1
344 228 358 242 1
376 230 392 246 1
394 228 406 244 1
416 226 430 242 1
432 226 452 244 1
578 230 594 242 1
598 228 612 244 1
618 230 640 242 1
730 228 748 246 1
750 222 764 242 1
768 234 784 250 1
808 232 826 244 1
786 228 804 244 1
828 228 842 246 1
848 232 864 246 1
866 228 882 242 1
898 230 918 246 1
936 230 972 246 1
976 228 986 244 1
1016 228 1034 244 1
1048 228 1064 244 1
1066 226 1084 244 1
1194 232 1210 246 1
1216 230 1228 246 1
1238 232 1258 250 1
56 312 72 324 1
74 312 88 330 1
94 310 110 322 1
114 310 128 324 1
134 310 148 326 1
148 310 160 328 1
164 312 184 334 1
186 306 204 322 1
206 306 220 326 1
226 304 238 326 1
240 304 256 326 1
268 310 288 324 1
292 310 310 328 1
312 304 332 328 1
352 308 368 326 1
370 310 386 326 1
386 308 408 324 1
410 306 428 324 1
440 310 460 330 1
592 310 612 328 1
616 314 628 332 1
632 312 650 330 1
650 312 670 330 1
712 306 726 324 1
730 310 746 328 1
750 310 764 328 1
768 314 784 326 1
804 314 816 328 1
822 314 844 330 1
856 314 872 334 1
876 314 892 324 1
912 316 930 328 1
1012 314 1044 330 1
1048 312 1062 326 1
1212 310 1224 328 1
1230 306 1246 330 1
40 392 56 410 1
54 392 62 412 1
72 392 90 414 1
114 394 128 408 1
146 392 162 408 1
162 390 174 406 1
192 396 208 410 1
216 398 238 410 1
244 394 258 410 1
262 392 274 410 1
320 392 336 408 1
350 396 366 414 1
398 398 420 410 1
574 398 590 416 1
596 394 616 412 1
638 396 650 412 1
650 396 660 412 1
668 392 690 410 1
704 398 722 410 1
726 396 740 414 1
794 398 812 412 1
822 394 838 414 1
850 396 870 414 1
876 396 892 410 1
898 396 908 410 1
912 396 924 414 1
964 396 978 412 1
932 400 950 412 1
992 396 1004 410 1
1008 396 1022 414 1
1024 396 1040 412 1
1044 396 1056 412 1
1058 396 1070 412 1
1156 396 1174 414 1
1190 396 1208 412 1
1212 396 1224 410 1
1224 398 1240 412 1
662 364 680 380 2
704 380 730 394 2
720 346 734 360 2
1248 388 1266 400 2
216 526 240 542 2
140 522 156 538 2
696 526 714 542 2
886 504 904 524 2
982 536 998 546 2
1002 550 1024 564 2
1028 502 1040 520 2
1204 512 1220 524 2
1224 548 1238 566 2
1184 556 1198 568 2
1140 488 1158 506 2
810 544 828 560 2
136 424 156 444 2
64 474 84 488 1
88 478 98 488 1
44 478 56 490 1
32 480 44 492 1
122 476 140 492 1
160 478 178 492 1
176 476 192 498 1
198 476 214 498 1
220 476 236 498 1
232 474 248 494 1
260 476 276 494 1
278 474 294 496 1
296 476 308 498 1
342 476 364 492 1
646 478 670 498 1
680 474 696 494 1
704 480 722 500 1
722 476 742 494 1
774 476 790 494 1
792 472 816 496 1
836 474 856 492 1
960 480 976 496 1
1228 476 1248 496 1
1200 478 1218 496 1
1184 476 1200 496 1
1042 476 1072 496 1
988 478 1012 494 1
70 562 94 578 1
94 566 106 582 1
118 566 134 580 1
136 560 152 580 1
196 562 212 578 1
210 562 228 580 1
336 564 356 582 1
320 564 332 582 1
238 566 250 580 1
270 564 280 580 1
422 566 434 582 1
664 566 680 586 1
704 572 724 588 1
728 566 744 582 1
754 568 768 584 1
770 566 782 586 1
796 566 834 582 1
856 568 876 580 1
910 572 930 588 1
936 566 948 586 1
954 566 962 586 1
964 566 984 584 1
1072 568 1092 588 1
1180 570 1200 586 1
1234 568 1252 586 1
594 478 610 494 1
916 478 930 498 1
192 648 212 664 1
150 652 166 664 1
132 650 146 662 1
106 650 128 666 1
92 648 108 664 1
68 644 92 664 1
50 644 66 666 1
36 644 54 664 1
262 648 274 664 1
280 650 298 664 1
304 650 314 666 1
594 652 606 668 1
612 648 628 668 1
672 650 682 666 1
694 644 708 662 1
722 646 738 668 1
752 648 764 668 1
764 646 778 666 1
836 646 852 662 1
864 652 884 666 1
900 648 914 664 1
918 650 934 666 1
942 648 954 664 1
956 650 968 666 1
972 650 988 666 1
990 654 1002 668 1
1044 654 1058 670 1
1060 648 1082 668 1
1192 648 1208 666 1
1214 652 1228 668 1
408 644 424 664 1
378 648 398 666 1
22 730 42 746 1
56 732 72 748 1
72 730 84 746 1
94 732 108 750 1
110 730 124 748 1
154 730 170 746 1
172 732 188 752 1
188 728 204 746 1
206 726 218 742 1
222 726 242 746 1
246 726 262 748 1
262 730 274 750 1
286 734 302 748 1
314 730 328 748 1
334 730 352 748 1
370 734 388 750 1
384 730 404 746 1
440 732 464 752 1
594 730 624 748 1
636 732 654 752 1
662 734 692 754 1
692 730 702 748 1
704 734 724 754 1
728 734 744 752 1
744 726 760 748 1
766 730 780 746 1
786 734 798 752 1
800 734 814 752 1
826 730 838 748 1
848 730 868 746 1
876 732 890 750 1
894 730 912 748 1
912 730 928 748 1
934 734 950 750 1
952 730 968 748 1
990 734 1002 748 1
1020 736 1036 752 1
1042 730 1058 746 1
1062 736 1078 752 1
1184 730 1208 754 1
1212 734 1224 746 1
1228 734 1240 752 1
674 686 696 702 2
1150 700 1166 718 2
1166 682 1182 702 2
1188 684 1202 700 2
152 692 174 712 2
456 592 476 608 2
838 616 868 636 2
918 618 942 636 2
414 734 436 754 1
400 854 420 872 2
310 882 326 898 2
330 890 344 906 2
228 882 248 898 2
352 826 380 846 2
702 852 716 876 2
718 852 736 870 2
744 878 764 896 2
916 838 946 858 2
866 856 882 872 2
1016 862 1040 882 2
344 1000 364 1016 2
340 1016 364 1032 2
348 1036 378 1054 2
448 1048 476 1066 2
420 1046 440 1060 2
532 1034 556 1058 2
936 1036 960 1056 2
1200 1020 1216 1038 2
318 1084 344 1100 2
1158 1094 1182 1110 2
1078 1050 1098 1064 2
1016 1038 1036 1054 2
408 930 428 946 2
430 920 454 938 2
374 954 394 968 2
1198 874 1218 892 2
162 1010 176 1028 2
16 812 32 830 1
52 812 68 830 1
72 812 86 832 1
94 812 110 832 1
112 812 124 830 1
126 810 144 830 1
148 812 158 832 1
158 812 172 828 1
182 812 208 826 1
228 816 244 836 1
246 814 256 828 1
258 812 270 834 1
290 812 314 836 1
424 816 440 836 1
402 812 418 828 1
446 822 466 842 1
574 808 590 828 1
612 816 628 832 1
634 818 650 832 1
650 812 664 830 1
672 812 690 832 1
688 810 702 830 1
710 818 722 830 1
722 812 742 832 1
744 816 756 832 1
762 816 774 832 1
798 816 816 834 1
818 816 844 834 1
852 816 868 832 1
874 816 908 836 1
948 814 968 830 1
986 820 1008 834 1
1016 818 1030 838 1
1042 816 1058 832 1
1218 814 1234 830 1
1188 816 1202 832 1
1192 902 1208 918 1
1214 902 1230 920 1
896 902 912 922 1
878 906 894 922 1
860 904 876 920 1
838 904 860 924 1
804 908 824 924 1
784 898 802 922 1
744 906 766 922 1
732 908 748 924 1
710 902 726 918 1
606 902 620 916 1
560 898 582 914 1
416 902 432 918 1
366 902 388 920 1
266 900 284 918 1
240 900 262 916 1
226 902 244 918 1
198 902 210 922 1
162 904 180 918 1
140 902 156 916 1
76 900 92 914 1
14 900 34 916 1
118 980 136 998 1
56 988 72 1002 1
72 982 88 1002 1
90 984 108 1000 1
168 984 200 1000 1
202 982 222 1002 1
248 982 274 1006 1
278 984 294 1000 1
298 990 314 1002 1
318 980 340 1004 1
352 986 368 1000 1
370 986 396 998 1
408 984 430 1004 1
16 984 32 998 1
674 986 688 998 1
656 986 672 1002 1
562 988 576 1002 1
578 986 592 1002 1
598 986 614 1004 1
618 990 634 1006 1
722 988 738 1004 1
742 984 764 1004 1
770 988 784 1006 1
784 986 800 1006 1
804 988 818 1008 1
824 984 842 1004 1
852 984 876 1004 1
890 990 906 1006 1
908 986 926 1004 1
930 984 942 1000 1
948 988 966 1010 1
970 990 986 1006 1
986 986 1002 1004 1
1016 984 1038 1004 1
1152 988 1166 1004 1
1184 984 1206 1004 1
1214 990 1230 1004 1
958 962 978 978 2
246 856 266 874 2
672 1018 690 1034 2
642 1022 656 1036 2
20 1066 40 1082 1
40 1070 52 1086 1
52 1066 64 1086 1
72 1068 92 1080 1
98 1068 112 1082 1
114 1072 130 1088 1
134 1066 146 1086 1
150 1068 164 1086 1
168 1064 184 1084 1
188 1070 200 1090 1
202 1064 222 1080 1
228 1068 240 1084 1
246 1066 256 1082 1
268 1062 280 1082 1
286 1072 302 1088 1
314 1070 326 1082 1
324 1066 340 1082 1
360 1062 380 1078 1
394 1066 418 1084 1
422 1064 438 1084 1
554 1064 572 1082 1
578 1066 596 1082 1
616 1070 634 1084 1
636 1072 648 1084 1
664 1062 686 1082 1
688 1072 704 1088 1
710 1070 726 1084 1
726 1070 740 1086 1
740 1070 756 1086 1
762 1070 780 1088 1
804 1068 816 1086 1
820 1068 832 1088 1
854 1070 876 1090 1
880 1072 896 1092 1
912 1074 942 1092 1
952 1072 968 1092 1
1156 1072 1168 1090 1
1170 1074 1188 1092 1
1002 1074 1020 1086 1
404 1318 434 1338 1
350 1150 370 1168 1
328 1154 346 1170 1
314 1152 332 1168 1
292 1150 314 1166 1
254 1148 272 1168 1
238 1150 256 1170 1
214 1148 234 1164 1
204 1150 216 1164 1
160 1148 176 1164 1
142 1150 160 1170 1
128 1150 144 1166 1
94 1154 114 1168 1
16 1148 32 1164 1
36 1150 48 1166 1
372 1152 386 1170 1
666 1154 686 1170 1
688 1146 700 1166 1
708 1148 732 1168 1
732 1146 748 1162 1
754 1154 766 1168 1
766 1154 780 1174 1
780 1150 798 1170 1
852 1150 866 1170 1
836 1152 858 1172 1
810 1152 828 1170 1
924 1154 940 1170 1
988 1154 1004 1172 1
1020 1156 1034 1168 1
1202 1148 1218 1172 1
1180 1238 1202 1258 1
1150 1150 1166 1170 1
0 1238 20 1254 1
18 1224 40 1254 1
70 1236 94 1252 1
150 1242 166 1256 1
168 1240 186 1256 1
238 1230 260 1250 1
318 1240 334 1256 1
264 1226 284 1244 1
368 1234 386 1254 1
202 1240 220 1252 1
670 1240 686 1256 1
696 1236 704 1252 1
706 1242 722 1254 1
724 1240 738 1256 1
764 1240 778 1258 1
802 1242 818 1258 1
840 1234 856 1252 1
860 1242 874 1260 1
878 1238 892 1256 1
946 1238 962 1260 1
970 1242 988 1262 1
648 1324 664 1338 1
670 1322 682 1338 1
624 1318 644 1334 1
606 1318 622 1336 1
566 1234 582 1250 1
586 1234 598 1250 1
550 1232 562 1252 1
574 1148 590 1168 1
610 1150 640 1172 1
894 1236 906 1256 1
290 1320 314 1336 1
222 1318 242 1338 1
250 1322 276 1338 1
326 1318 346 1336 1
348 1318 368 1338 1
142 1322 158 1338 1
106 1316 122 1332 1
88 1320 106 1336 1
68 1324 84 1340 1
50 1320 64 1340 1
34 1318 58 1336 1
14 1320 36 1334 1
182 1314 198 1334 1
686 1322 700 1336 1
702 1320 714 1338 1
720 1318 734 1334 1
736 1322 754 1338 1
774 1320 788 1336 1
840 1322 854 1336 1
852 1316 864 1334 1
876 1322 896 1338 1
908 1322 922 1338 1
928 1324 942 1342 1
944 1318 964 1334 1
982 1322 996 1338 1
1146 1324 1164 1340 1
1166 1328 1180 1344 1
1016 1320 1032 1336 1
1002 1320 1014 1336 1
498 1208 514 1228 2
706 1212 726 1228 2
972 1202 990 1222 2
1166 1126 1194 1150 2
496 1120 516 1146 2
554 1300 578 1320 2
958 1350 984 1374 2
1184 1294 1198 1312 2
926 1284 950 1306 2
894 1304 912 1316 2
664 1216 686 1234 2
748 1218 760 1232 2
730 1208 758 1230 2
1128 1176 1148 1192 2
92 1132 116 1150 2
174 1120 196 1140 2
250 1090 272 1108 2
52 1256 70 1274 2
622 1284 642 1304 2
796 1342 820 1356 2
412 1194 438 1218 2
506 1190 522 1208 2
796 1320 808 1338 1
814 1322 832 1338 1
384 1318 402 1336 1
114 1236 130 1254 1
882 1152 900 1170 1
1232 648 1244 666 1
54 50 1280 74 3
52 132 1270 156 3
50 226 1266 244 3
46 308 1270 332 3
44 396 1260 414 3
34 474 1260 498 3
32 566 1252 584 3
30 646 1246 668 3
30 730 1244 752 3
20 814 1244 832 3
12 902 1244 922 3
18 982 1232 1006 3
6 1068 1234 1086 3
4 1150 1234 1168 3
4 1240 1224 1260 3
4 1320 1218 1340 3
