70 58 92 76 1
98 62 110 78 1
112 60 130 74 1
134 64 146 78 1
154 60 174 76 1
190 62 212 76 1
230 58 242 74 1
250 62 262 78 1
282 64 296 76 1
298 58 312 72 1
318 58 328 72 1
346 64 358 74 1
380 62 400 74 1
356 66 368 78 1
400 60 412 74 1
418 62 428 80 1
426 64 438 76 1
452 62 466 80 1
596 62 614 78 1
618 66 636 78 1
640 66 652 80 1
668 62 688 74 1
696 66 706 80 1
718 58 736 78 1
746 56 764 74 1
768 62 782 80 1
788 64 806 78 1
820 68 828 82 1
830 64 842 82 1
844 60 858 74 1
890 62 900 74 1
904 66 914 80 1
922 60 934 74 1
938 64 954 82 1
978 64 994 78 1
1004 64 1018 82 1
1034 66 1046 80 1
1054 66 1078 78 1
1218 64 1232 82 1
1236 66 1250 78 1
1272 66 1286 80 1
1194 64 1210 78 1
444 148 458 162 1
416 150 440 162 1
388 148 400 162 1
356 146 378 164 1
288 148 308 160 1
254 148 272 160 1
234 146 252 164 1
210 144 228 156 1
180 146 198 162 1
144 144 162 162 1
128 144 140 158 1
110 146 128 164 1
84 144 102 158 1
596 144 612 162 1
618 148 632 160 1
636 142 648 158 1
690 144 708 162 1
720 146 740 160 1
744 150 758 162 1
806 146 832 162 1
834 152 848 168 1
938 148 954 166 1
956 152 968 166 1
986 144 998 160 1
1006 142 1020 160 1
1016 148 1030 164 1
1044 144 1054 162 1
1060 146 1072 162 1
860 148 874 160 1
224 40 244 56 2
412 28 428 40 2
1270 16 1284 32 2
1258 66 1270 82 1
1188 148 1200 162 1
1246 148 1260 162 1
1266 144 1278 162 1
1226 144 1240 162 1
1202 114 1216 134 2
402 114 422 128 2
518 42 532 54 2
462 168 484 190 2
708 188 726 202 2
706 176 718 194 2
832 202 846 214 2
1192 208 1212 226 2
252 212 266 230 2
426 220 442 234 2
446 214 460 228 2
334 170 346 188 2
340 194 360 208 2
90 230 108 252 1
120 230 136 254 1
144 232 162 254 1
162 230 176 254 1
182 232 196 252 1
202 232 216 254 1
234 234 250 252 1
274 234 292 252 1
332 230 344 250 1
398 236 416 254 1
418 234 430 252 1
438 236 452 250 1
592 236 604 254 1
608 232 624 250 1
626 234 638 252 1
642 234 658 252 1
704 234 716 250 1
722 236 736 250 1
812 238 826 252 1
860 234 872 252 1
888 236 906 252 1
916 234 938 248 1
952 236 964 252 1
968 238 978 250 1
990 240 1002 254 1
1022 234 1042 250 1
1060 238 1074 252 1
1080 238 1094 252 1
1226 238 1244 252 1
1248 236 1270 250 1
970 150 980 168 1
312 234 326 250 1
594 318 618 336 1
624 324 638 338 1
644 322 656 336 1
696 318 710 332 1
716 320 730 334 1
740 320 754 336 1
802 320 826 338 1
828 322 844 336 1
866 320 880 336 1
884 318 898 332 1
904 322 916 334 1
926 316 938 330 1
946 318 958 336 1
960 322 974 334 1
982 320 996 334 1
996 320 1010 334 1
1012 318 1030 334 1
1056 320 1072 336 1
1074 318 1086 332 1
1204 318 1216 336 1
1228 318 1236 336 1
1244 324 1252 338 1
1258 316 1268 336 1
310 316 334 334 1
338 320 356 336 1
360 320 374 332 1
376 320 394 334 1
396 318 410 336 1
416 322 426 336 1
442 318 456 330 1
458 324 470 340 1
250 320 264 334 1
272 318 284 332 1
190 318 208 338 1
152 318 172 336 1
208 314 220 332 1
224 324 238 336 1
124 318 134 334 1
100 322 120 332 1
62 320 78 336 1
800 272 814 286 2
974 258 990 278 2
62 232 80 250 1
1034 320 1048 334 1
48 404 66 420 1
72 406 100 420 1
102 400 122 416 1
134 398 148 418 1
158 402 184 418 1
200 402 224 422 1
240 400 250 416 1
250 402 264 418 1
284 400 300 418 1
302 404 316 418 1
318 400 336 418 1
338 404 348 422 1
350 404 360 420 1
360 398 374 416 1
414 406 432 420 1
452 404 470 422 1
598 404 614 418 1
618 406 634 422 1
640 404 654 416 1
652 402 664 418 1
678 404 694 422 1
724 404 736 418 1
754 404 764 420 1
820 406 836 420 1
842 408 856 420 1
868 404 880 418 1
886 404 904 418 1
906 398 918 412 1
924 406 938 420 1
944 404 960 422 1
964 406 976 426 1
984 404 998 422 1
1020 406 1034 424 1
1036 406 1050 420 1
804 404 818 418 1
1206 408 1222 426 1
1242 406 1256 420 1
1258 406 1270 422 1
1060 406 1074 418 1
388 348 406 362 2
238 338 256 352 2
134 344 152 356 2
704 370 722 382 2
852 348 872 366 2
930 370 940 384 2
824 382 844 400 2
750 348 766 364 2
606 346 622 364 2
648 368 664 386 2
1078 456 1102 478 2
260 508 282 526 2
268 538 288 558 2
794 526 808 542 2
1158 520 1170 538 2
1186 556 1206 578 2
856 522 870 538 2
110 544 128 560 2
92 528 110 542 2
120 564 142 578 2
486 534 506 550 2
452 520 462 534 2
442 500 460 512 2
54 486 72 500 1
74 488 90 502 1
98 476 112 498 1
116 488 130 502 1
134 484 148 502 1
158 484 174 502 1
196 482 216 502 1
228 484 242 504 1
246 484 258 498 1
264 486 284 502 1
284 484 302 502 1
336 484 354 502 1
356 488 370 502 1
396 486 410 504 1
414 486 440 504 1
446 486 460 500 1
594 486 610 504 1
638 486 652 500 1
658 486 676 500 1
714 482 734 498 1
740 484 754 502 1
756 486 770 504 1
788 488 804 502 1
806 486 824 502 1
880 486 896 500 1
900 488 914 502 1
920 488 932 502 1
936 484 952 504 1
958 484 968 502 1
974 488 990 506 1
1014 488 1026 506 1
1038 484 1050 500 1
1070 484 1084 500 1
694 486 706 500 1
704 500 718 512 2
224 466 238 482 2
724 424 738 436 2
1220 488 1232 502 1
1236 490 1248 504 1
1252 486 1268 502 1
680 486 692 504 1
48 572 68 590 1
80 572 96 588 1
100 574 118 590 1
118 578 136 590 1
154 576 184 590 1
232 578 244 592 1
208 576 226 594 1
254 574 278 590 1
286 578 300 592 1
308 580 324 590 1
346 580 364 594 1
404 578 424 592 1
454 576 466 588 1
468 580 482 592 1
608 578 618 592 1
618 578 636 592 1
642 572 660 590 1
714 580 732 596 1
740 572 760 592 1
776 574 786 590 1
788 572 796 590 1
812 578 830 590 1
834 572 846 584 1
850 580 862 592 1
878 574 898 590 1
250 540 266 558 2
300 548 316 566 2
334 534 348 548 2
1258 538 1272 562 2
1236 530 1248 554 2
854 552 870 570 2
1072 542 1092 562 2
508 586 522 602 2
88 626 112 644 2
198 626 218 640 2
164 676 180 686 2
550 640 564 654 2
546 602 566 620 2
642 546 654 558 2
862 632 880 650 2
940 632 962 650 2
1010 636 1022 648 2
98 590 118 602 2
506 686 528 706 2
612 710 632 730 2
618 680 630 698 2
572 684 586 698 2
654 702 672 714 2
636 704 648 716 2
764 712 776 726 2
740 720 756 734 2
694 682 708 696 2
660 674 674 688 2
782 700 792 716 2
1230 692 1244 704 2
1218 714 1240 726 2
218 692 234 706 2
276 710 294 724 2
250 706 268 718 2
162 714 176 732 2
180 708 192 722 2
62 712 80 726 2
58 724 88 744 2
108 684 126 702 2
930 574 954 596 1
960 574 970 592 1
974 576 988 594 1
1044 574 1064 588 1
1018 576 1036 594 1
1072 576 1086 592 1
1194 578 1210 592 1
1220 576 1232 590 1
1234 576 1252 594 1
462 664 478 682 1
436 660 454 676 1
410 662 428 676 1
396 658 410 672 1
378 660 396 680 1
360 658 376 678 1
338 656 358 676 1
318 662 342 678 1
294 658 314 676 1
262 660 280 680 1
242 654 258 674 1
214 654 238 672 1
136 666 152 678 1
102 656 130 674 1
44 660 60 674 1
76 656 94 670 1
186 654 200 668 1
608 660 622 676 1
624 660 636 678 1
640 656 654 674 1
662 656 672 672 1
674 656 692 678 1
714 658 732 676 1
732 656 752 674 1
758 656 770 674 1
790 656 802 674 1
812 654 830 676 1
846 658 858 672 1
868 662 890 680 1
902 658 920 676 1
938 660 962 678 1
976 654 990 674 1
998 660 1010 676 1
1012 658 1030 676 1
1032 656 1056 674 1
1196 660 1210 674 1
1214 656 1230 672 1
1066 658 1088 676 1
36 688 54 706 2
56 758 78 772 2
766 668 780 686 2
42 740 54 754 1
60 744 90 754 1
98 742 120 760 1
120 740 130 758 1
138 744 152 758 1
158 742 172 762 1
176 740 192 760 1
212 738 226 760 1
230 740 242 760 1
246 740 260 756 1
262 742 282 764 1
286 744 300 760 1
306 744 316 762 1
318 744 328 764 1
330 740 338 760 1
340 740 358 762 1
360 744 372 762 1
372 746 392 764 1
408 742 424 760 1
430 744 444 760 1
452 744 468 764 1
584 740 602 756 1
622 740 632 760 1
638 740 654 762 1
658 740 668 760 1
732 740 752 760 1
754 740 766 758 1
840 736 858 760 1
860 736 874 760 1
912 740 932 760 1
940 742 958 762 1
974 738 996 756 1
1008 740 1030 760 1
1036 742 1056 762 1
1062 740 1080 760 1
694 742 722 760 1
788 740 802 760 1
806 740 826 758 1
1196 740 1210 756 1
1216 740 1230 756 1
38 824 52 836 1
52 826 64 840 1
72 828 86 840 1
96 828 108 842 1
106 826 120 844 1
130 828 144 842 1
162 826 176 840 1
184 820 204 834 1
200 822 214 840 1
226 828 236 840 1
236 826 248 844 1
300 826 314 840 1
330 824 344 838 1
348 828 362 842 1
374 826 392 844 1
394 828 406 842 1
442 830 460 844 1
598 826 616 840 1
616 826 630 840 1
632 822 646 840 1
650 832 666 844 1
670 824 688 838 1
696 830 706 842 1
710 824 722 844 1
726 830 742 844 1
756 826 768 840 1
772 826 782 840 1
790 824 800 838 1
802 826 814 840 1
836 830 850 844 1
856 828 872 846 1
912 826 926 838 1
932 824 946 842 1
968 824 986 838 1
1008 826 1018 842 1
1026 826 1038 842 1
1042 826 1054 844 1
1070 826 1082 842 1
1192 828 1206 846 1
950 826 960 840 1
22 916 38 936 1
50 910 64 930 1
86 908 100 926 1
102 916 116 928 1
120 916 138 930 1
158 910 172 924 1
178 912 190 928 1
192 914 204 932 1
214 914 246 932 1
252 914 264 928 1
268 916 280 930 1
286 916 300 930 1
312 918 324 930 1
344 914 358 930 1
366 916 378 930 1
382 918 394 934 1
400 914 412 932 1
418 914 436 928 1
576 914 596 928 1
606 912 622 934 1
628 914 642 932 1
642 916 658 930 1
662 916 674 936 1
704 910 720 928 1
718 916 730 932 1
752 914 770 932 1
772 914 784 932 1
788 914 806 928 1
866 910 878 930 1
844 916 858 930 1
818 914 832 934 1
810 914 822 932 1
902 916 916 936 1
924 916 936 934 1
976 916 998 936 1
1002 914 1024 932 1
1040 910 1056 934 1
960 914 976 930 1
886 916 900 934 1
1168 914 1182 928 1
1186 916 1198 934 1
1204 918 1218 930 1
1222 914 1236 930 1
1240 912 1250 930 1
1232 828 1248 846 1
60 860 82 880 2
116 892 134 910 2
134 878 154 898 2
230 870 248 890 2
158 870 178 884 2
268 838 284 854 2
286 864 304 878 2
264 876 282 890 2
584 866 602 884 2
566 860 584 882 2
964 868 982 888 2
1222 878 1242 898 2
1150 846 1164 864 2
1114 876 1132 896 2
1034 888 1048 906 2
738 872 756 892 2
508 850 528 870 2
404 1044 428 1070 2
624 1032 660 1072 2
634 1014 652 1036 2
764 1022 782 1038 2
702 1056 722 1076 2
724 1016 746 1038 2
1018 1040 1042 1062 2
1134 1054 1158 1074 2
1064 1044 1084 1062 2
242 1052 262 1074 2
76 1014 100 1038 2
142 1020 164 1040 2
996 962 1020 984 2
888 970 910 990 2
240 966 258 986 2
346 1032 364 1050 2
356 1040 370 1058 2
900 1052 922 1076 2
886 1016 902 1034 2
856 1050 874 1066 2
1218 1040 1234 1064 2
1162 1038 1178 1056 2
896 1024 918 1044 2
934 1034 950 1052 2
504 1024 528 1054 2
636 1098 664 1122 2
186 1030 206 1048 2
52 1054 74 1072 2
40 1040 60 1056 2
36 1078 54 1098 1
54 1078 72 1098 1
108 1078 130 1096 1
234 1074 254 1098 1
258 1080 278 1096 1
286 1072 300 1094 1
302 1074 316 1098 1
320 1080 334 1102 1
342 1078 356 1098 1
354 1074 370 1096 1
408 1076 432 1092 1
550 1076 578 1098 1
592 1070 612 1092 1
562 994 578 1016 1
586 990 614 1014 1
22 988 40 1012 1
44 990 58 1010 1
94 990 108 1012 1
132 998 150 1012 1
154 996 170 1016 1
170 992 184 1014 1
208 994 226 1014 1
250 990 264 1012 1
272 994 290 1016 1
300 996 314 1012 1
370 996 390 1014 1
394 994 410 1014 1
412 998 438 1016 1
320 996 334 1014 1
338 1000 352 1014 1
638 996 652 1014 1
656 996 670 1014 1
672 990 690 1014 1
710 996 730 1020 1
750 996 762 1010 1
804 998 820 1016 1
768 996 786 1016 1
766 978 784 994 2
826 996 838 1012 1
838 986 852 1012 1
898 998 912 1016 1
916 996 930 1016 1
936 994 954 1016 1
956 992 968 1016 1
972 996 982 1018 1
1154 996 1174 1016 1
1186 996 1202 1014 1
1204 996 1216 1016 1
1218 998 1228 1016 1
994 996 1012 1018 1
366 970 384 986 2
68 962 86 984 2
1008 1080 1024 1100 1
1154 1084 1172 1098 1
1178 1078 1202 1096 1
1214 1082 1228 1096 1
990 1080 1004 1098 1
966 1076 986 1096 1
956 1080 968 1100 1
930 1076 948 1096 1
918 1080 928 1094 1
900 1082 914 1098 1
880 1084 898 1102 1
850 1080 864 1096 1
820 1080 836 1094 1
802 1080 814 1098 1
766 1080 786 1098 1
748 1082 760 1094 1
730 1076 744 1096 1
710 1080 724 1098 1
698 1078 712 1096 1
676 1080 692 1100 1
636 1080 668 1100 1
24 1160 44 1184 1
108 1160 124 1180 1
124 1158 138 1178 1
150 1162 162 1180 1
164 1162 176 1182 1
178 1158 196 1186 1
706 1162 730 1186 1
762 1164 778 1178 1
782 1162 806 1184 1
650 1164 664 1178 1
664 1158 678 1176 1
274 1162 290 1176 1
218 1164 246 1180 1
406 1162 418 1186 1
418 1162 436 1180 1
1000 1160 1018 1178 1
982 1164 996 1182 1
942 1164 960 1180 1
924 1166 936 1180 1
902 1162 922 1182 1
888 1162 902 1178 1
872 1164 886 1180 1
850 1160 870 1180 1
818 1162 832 1180 1
1150 1168 1164 1182 1
1170 1164 1184 1182 1
1106 970 1122 990 2
734 1048 756 1076 2
1194 1102 1212 1118 2
632 1182 646 1202 2
570 1212 594 1234 2
536 1204 556 1224 2
544 1216 566 1236 2
648 1206 666 1222 2
656 1192 672 1214 2
632 1214 650 1238 2
268 1202 288 1224 2
160 1202 174 1222 2
176 1204 190 1228 2
92 1182 116 1200 2
62 1202 82 1220 2
24 1214 44 1232 2
134 1274 156 1298 2
1052 1214 1064 1234 2
1038 1202 1050 1218 2
932 1220 944 1238 2
910 1186 926 1208 2
892 1186 902 1204 2
880 1206 902 1226 2
864 1228 880 1244 2
1106 1196 1122 1214 2
1036 1300 1056 1316 2
826 1358 850 1376 2
1130 1302 1150 1322 2
832 1312 852 1332 2
924 1298 948 1320 2
492 1214 512 1234 2
558 1164 578 1182 1
622 1162 640 1176 1
626 1140 650 1160 2
1206 1248 1222 1266 1
1106 1238 1134 1262 1
1158 1248 1178 1268 1
1028 1250 1042 1264 1
1004 1248 1020 1266 1
984 1248 996 1266 1
932 1248 950 1264 1
874 1248 894 1266 1
828 1252 850 1272 1
558 1246 588 1266 1
594 1246 612 1268 1
746 1250 764 1268 1
764 1252 778 1268 1
730 1252 744 1270 1
354 1248 376 1270 1
408 1248 424 1268 1
290 1248 310 1268 1
262 1250 276 1268 1
226 1250 240 1268 1
14 1248 28 1262 1
30 1248 42 1266 1
56 1246 70 1264 1
114 1252 134 1268 1
186 1080 202 1100 1
24 1328 46 1346 1
44 1330 56 1348 1
66 1332 80 1346 1
84 1334 100 1350 1
100 1332 124 1350 1
134 1326 154 1346 1
160 1328 174 1350 1
270 1332 288 1346 1
290 1334 310 1352 1
308 1332 322 1352 1
332 1334 344 1352 1
346 1332 360 1350 1
380 1330 406 1348 1
212 1334 230 1348 1
554 1332 576 1352 1
584 1326 604 1346 1
624 1334 644 1350 1
672 1332 686 1348 1
686 1334 702 1352 1
720 1336 734 1348 1
740 1332 754 1352 1
758 1336 772 1348 1
782 1330 804 1350 1
852 1334 866 1352 1
868 1334 892 1350 1
940 1330 954 1348 1
962 1334 976 1352 1
984 1334 996 1348 1
1004 1328 1018 1346 1
1150 1334 1162 1352 1
1022 1334 1040 1350 1
1168 1330 1184 1352 1
416 1332 434 1348 1
1206 1334 1224 1356 1
898 144 918 164 1
144 190 170 208 2
74 58 1292 84 3
66 142 1286 166 3
58 232 1290 252 3
56 318 1284 342 3
42 400 1274 424 3
46 486 1268 504 3
34 574 1276 594 3
36 656 1264 678 3
36 742 1262 762 3
24 824 1266 844 3
20 914 1258 932 3
18 994 1242 1016 3
18 1080 1240 1098 3
14 1164 1246 1184 3
6 1248 1232 1266 3
