562 686 628 744 2
220 718 244 740 2
88 62 104 80 1
108 64 118 78 1
132 66 154 84 1
160 66 180 80 1
182 62 196 78 1
198 66 212 78 1
212 60 234 82 1
238 66 248 82 1
256 64 272 82 1
278 66 290 80 1
294 66 304 82 1
308 68 328 80 1
332 70 342 78 1
156 46 176 64 2
242 212 262 232 2
520 186 538 208 2
522 170 538 182 2
692 196 708 210 2
770 186 784 202 2
750 366 772 382 2
572 538 594 560 2
542 524 562 540 2
542 502 564 524 2
696 546 718 562 2
834 508 848 522 2
228 526 252 552 2
226 516 254 536 2
256 508 276 528 2
222 492 258 518 2
146 512 162 524 2
162 536 184 552 2
118 542 140 556 2
100 520 118 534 2
122 518 138 532 2
90 530 106 546 2
68 522 84 538 2
298 548 318 564 2
258 548 280 566 2
314 524 330 546 2
372 534 386 548 2
540 558 556 574 2
706 562 726 576 2
426 426 440 440 2
378 374 396 392 2
338 352 354 366 2
124 374 140 390 2
756 262 778 282 2
596 14 622 38 2
744 18 764 34 2
708 40 724 52 2
796 34 810 48 2
338 28 352 44 2
118 14 132 28 2
1222 32 1240 50 2
1282 14 1294 28 2
1190 198 1210 216 2
1112 220 1130 234 2
1152 230 1170 248 2
1084 178 1106 200 2
540 400 568 420 2
316 686 330 700 2
268 678 286 698 2
228 694 242 708 2
252 692 270 708 2
242 706 256 718 2
136 708 152 726 2
152 718 166 732 2
118 712 132 734 2
100 700 120 718 2
96 712 112 726 2
64 732 82 740 2
74 716 86 728 2
44 726 52 740 2
170 642 186 664 2
142 644 160 658 2
180 642 196 654 2
150 682 164 694 2
150 882 172 902 2
290 850 318 872 2
366 884 384 906 2
502 878 522 896 2
476 858 492 876 2
726 884 744 902 2
56 954 94 986 2
684 698 704 716 2
742 692 764 712 2
224 338 240 352 2
138 354 150 366 2
186 678 200 692 2
176 696 194 712 2
738 936 766 956 2
862 860 876 876 2
402 892 422 904 2
204 892 224 908 2
80 860 90 872 2
36 846 50 862 2
30 912 38 928 1
48 914 56 928 1
66 914 78 928 1
88 912 102 926 1
102 918 116 930 1
140 916 152 930 1
152 918 164 932 1
178 918 198 930 1
208 916 222 932 1
234 916 248 930 1
262 916 278 928 1
322 918 336 928 1
346 914 360 928 1
394 920 410 932 1
416 918 428 930 1
590 922 612 936 1
620 922 636 932 1
634 920 650 930 1
690 920 710 934 1
748 922 766 936 1
784 916 798 932 1
798 920 814 932 1
208 968 228 982 2
514 992 536 1008 2
358 976 376 990 2
254 968 266 982 2
266 772 288 784 2
148 868 168 882 2
44 822 52 838 1
54 824 64 844 1
96 826 122 838 1
176 826 194 846 1
202 824 226 844 1
242 826 256 842 1
260 824 280 842 1
296 824 308 840 1
318 824 336 848 1
354 822 382 840 1
408 826 430 844 1
700 824 716 846 1
732 824 750 844 1
816 830 832 846 1
854 828 868 846 1
866 822 878 840 1
444 828 460 840 1
154 826 172 844 1
36 738 52 754 1
58 742 70 756 1
80 742 90 756 1
94 742 108 756 1
116 740 132 756 1
148 744 160 756 1
160 744 172 756 1
174 740 188 756 1
188 738 206 756 1
204 740 226 756 1
230 742 242 758 1
266 742 278 754 1
284 742 296 756 1
302 742 316 758 1
336 742 350 756 1
374 746 390 760 1
396 748 410 760 1
444 748 458 764 1
434 746 448 760 1
594 748 612 760 1
628 748 644 760 1
648 746 662 760 1
672 750 688 762 1
692 744 706 762 1
706 748 718 768 1
754 748 770 762 1
724 752 736 760 1
846 750 862 764 1
796 748 812 762 1
820 748 836 762 1
60 654 78 672 1
142 660 158 674 1
302 656 316 676 1
318 658 340 674 1
346 662 358 676 1
284 656 296 672 1
266 660 288 676 1
202 658 220 674 1
168 662 192 676 1
118 658 134 674 1
398 660 412 678 1
432 658 442 678 1
454 660 470 676 1
600 662 616 676 1
632 660 648 676 1
668 662 680 680 1
694 662 706 680 1
704 662 722 680 1
732 664 750 678 1
760 662 776 674 1
782 662 796 678 1
800 662 814 678 1
836 664 854 680 1
870 666 882 680 1
124 692 138 706 2
392 602 410 620 2
142 630 156 644 2
44 660 54 672 1
48 574 60 590 1
82 572 94 586 1
102 576 114 588 1
118 574 130 590 1
136 574 156 588 1
158 576 174 590 1
180 574 194 590 1
200 574 214 588 1
220 580 240 590 1
252 578 266 590 1
294 580 306 592 1
438 580 456 590 1
420 578 434 592 1
382 578 398 590 1
402 580 416 598 1
624 582 638 596 1
640 580 654 594 1
656 580 668 596 1
682 580 696 598 1
700 580 718 596 1
756 580 770 596 1
808 582 822 596 1
846 580 858 594 1
786 582 798 592 1
826 582 838 594 1
862 578 878 596 1
78 488 90 504 1
94 488 110 504 1
150 488 164 506 1
174 486 190 504 1
194 490 214 502 1
264 490 280 504 1
330 490 344 504 1
356 486 378 506 1
392 484 410 502 1
416 488 432 504 1
434 492 452 508 1
598 490 614 506 1
638 488 652 506 1
690 492 708 506 1
712 492 726 508 1
746 492 760 510 1
788 490 800 508 1
802 490 814 510 1
822 490 838 510 1
68 402 84 418 1
892 580 904 598 1
882 492 892 508 1
860 486 876 508 1
894 666 908 680 1
438 64 454 84 1
344 64 360 80 1
368 66 382 82 1
416 62 430 80 1
524 80 542 96 2
598 70 614 88 1
624 70 652 86 1
676 74 698 88 1
700 66 712 84 1
722 66 736 84 1
776 70 792 92 1
812 72 828 84 1
830 70 844 88 1
856 70 878 86 1
892 68 912 86 1
460 66 478 88 1
748 70 762 84 1
130 140 144 160 1
188 148 200 162 1
76 144 88 162 1
204 144 238 164 1
264 144 280 164 1
306 148 320 166 1
340 148 354 162 1
362 148 396 166 1
394 148 412 164 1
242 146 260 164 1
434 150 458 168 1
464 152 478 166 1
602 152 612 170 1
646 152 666 168 1
674 150 690 170 1
698 150 714 166 1
724 154 742 170 1
782 152 798 164 1
814 152 830 166 1
842 154 856 170 1
864 152 874 168 1
876 156 892 174 1
906 152 922 168 1
82 84 100 100 2
70 238 86 252 1
110 236 130 250 1
146 236 160 252 1
188 238 208 252 1
166 240 178 254 1
134 238 146 252 1
212 240 232 254 1
242 240 260 256 1
228 236 242 256 1
448 238 462 254 1
414 236 430 254 1
430 238 444 258 1
334 238 352 256 1
300 238 320 258 1
274 242 292 252 1
654 244 670 258 1
672 240 686 260 1
704 242 722 256 1
802 240 816 256 1
782 244 798 260 1
760 240 778 256 1
908 244 928 262 1
850 242 866 258 1
70 318 82 336 1
88 320 106 334 1
138 318 158 340 1
164 320 190 340 1
210 318 234 336 1
238 322 256 342 1
256 322 266 340 1
268 322 290 342 1
372 322 384 340 1
388 322 404 340 1
328 324 346 340 1
292 318 306 336 1
610 240 626 256 1
448 322 462 336 1
426 322 444 338 1
596 330 608 342 1
604 324 622 338 1
630 324 644 340 1
668 326 680 340 1
844 326 858 344 1
868 326 886 342 1
898 322 918 346 1
708 324 720 338 1
780 324 792 342 1
406 404 420 420 1
332 404 360 420 1
236 406 258 418 1
88 402 102 420 1
116 406 132 418 1
160 406 174 420 1
140 402 154 416 1
202 408 222 424 1
266 402 284 422 1
608 408 622 424 1
626 408 640 428 1
646 410 660 426 1
664 408 678 422 1
684 410 696 424 1
756 410 766 422 1
768 410 782 424 1
824 412 838 426 1
842 410 860 424 1
866 414 878 428 1
886 412 898 422 1
902 410 920 422 1
718 410 742 424 1
796 412 812 424 1
814 330 826 342 1
648 330 660 342 1
366 406 376 422 1
308 406 328 420 1
926 68 940 88 1
944 70 954 86 1
960 70 974 90 1
996 74 1012 92 1
1034 74 1046 90 1
1054 68 1068 86 1
1218 70 1230 86 1
1204 72 1218 88 1
1270 74 1288 88 1
1240 72 1260 88 1
938 150 954 172 1
984 150 1004 168 1
1008 150 1024 168 1
1046 156 1058 172 1
1064 158 1080 174 1
1212 158 1226 178 1
1230 154 1246 174 1
1268 156 1278 174 1
934 240 950 258 1
952 240 970 262 1
980 238 1000 260 1
1038 240 1056 262 1
1058 244 1072 262 1
1078 244 1094 260 1
1198 244 1218 264 1
1220 248 1232 266 1
1282 246 1292 260 1
928 326 956 346 1
960 328 972 344 1
978 324 990 338 1
992 330 1006 346 1
1038 326 1064 342 1
1074 328 1090 342 1
1256 326 1268 344 1
1276 328 1284 344 1
1132 60 1148 74 2
1152 44 1168 56 2
1172 18 1190 34 2
1176 48 1190 66 2
870 112 892 128 2
598 102 618 116 2
1216 98 1230 112 2
970 536 986 550 2
944 550 960 566 2
990 542 1004 558 2
1018 546 1032 560 2
1152 514 1170 538 2
1212 544 1228 560 2
1242 556 1260 574 2
1168 564 1188 582 2
898 542 918 562 2
924 410 934 430 1
956 412 974 426 1
990 410 1008 430 1
1014 408 1030 428 1
1032 412 1048 428 1
1052 410 1064 426 1
1070 406 1082 424 1
1218 410 1232 428 1
1232 412 1244 426 1
1250 414 1264 428 1
1268 410 1280 426 1
1064 496 1080 518 1
1026 494 1040 510 1
1050 496 1062 510 1
1008 492 1026 506 1
970 496 996 514 1
942 496 954 506 1
914 492 926 504 1
948 500 966 516 1
1208 498 1220 514 1
1266 494 1278 508 1
1234 326 1248 342 1
908 706 926 726 2
878 356 892 372 2
1068 374 1086 390 2
1000 390 1022 406 2
870 390 886 408 2
1214 726 1234 740 2
984 732 1002 744 2
968 878 988 896 2
876 890 900 906 2
956 888 978 904 2
1156 888 1174 902 2
1034 862 1056 876 2
654 852 666 864 2
920 582 938 592 1
954 582 970 598 1
976 582 988 594 1
994 586 1006 598 1
1012 580 1026 598 1
1028 582 1038 598 1
1048 580 1066 596 1
1072 584 1082 598 1
1188 580 1200 596 1
1208 582 1222 594 1
1182 666 1196 680 1
1222 664 1240 682 1
1242 666 1264 684 1
1046 666 1068 682 1
1018 670 1036 682 1
982 664 998 678 1
964 666 978 684 1
932 664 946 682 1
872 748 886 764 1
892 746 906 760 1
912 746 924 762 1
928 748 940 760 1
952 748 964 764 1
980 746 996 762 1
1000 748 1016 764 1
1022 750 1032 766 1
1036 750 1050 762 1
1054 746 1072 762 1
1186 752 1200 768 1
1204 750 1218 768 1
1220 746 1234 770 1
1240 748 1252 770 1
906 830 922 850 1
920 830 934 852 1
936 832 952 852 1
1020 830 1038 846 1
980 830 1006 848 1
1176 826 1196 844 1
1206 918 1224 934 1
1180 922 1196 936 1
988 914 1010 934 1
914 920 954 936 1
970 922 982 934 1
838 922 854 934 1
854 920 868 932 1
1156 918 1168 932 1
184 1046 206 1066 2
210 1036 252 1076 2
610 1030 636 1046 2
610 1050 644 1072 2
274 1052 288 1068 2
260 1034 276 1050 2
134 1032 148 1048 2
92 1032 116 1052 2
714 1030 730 1046 2
478 1070 494 1082 2
804 1032 826 1054 2
822 1020 836 1038 2
562 1028 574 1044 2
594 984 608 998 2
580 836 594 850 2
316 1044 330 1060 2
374 1050 390 1068 2
378 1022 394 1034 2
836 1060 852 1076 2
32 1032 48 1048 2
494 1222 518 1242 2
468 1194 482 1208 2
482 1202 496 1214 2
460 1210 478 1226 2
416 1208 432 1224 2
272 1218 288 1234 2
284 1212 300 1228 2
210 1222 224 1236 2
64 1204 78 1220 2
18 1188 30 1206 2
664 1228 682 1248 2
730 1222 744 1238 2
704 1202 718 1218 2
812 1198 824 1212 2
836 1182 850 1196 2
868 1224 886 1242 2
636 1132 652 1150 2
252 1312 268 1324 2
748 1314 766 1332 2
246 1206 262 1224 2
288 1364 304 1380 2
198 1364 228 1382 2
62 1374 86 1390 2
154 1358 174 1374 2
766 1384 782 1404 2
848 1394 866 1404 2
390 1000 408 1014 1
352 1002 368 1016 1
332 994 352 1016 1
302 1000 314 1014 1
276 996 294 1010 1
258 994 272 1010 1
28 996 44 1014 1
54 996 74 1010 1
80 998 92 1012 1
96 998 108 1012 1
114 1000 132 1016 1
132 996 148 1016 1
154 998 168 1012 1
168 996 182 1012 1
188 998 202 1010 1
208 998 220 1012 1
230 1000 242 1012 1
230 1010 242 1018 2
218 1008 228 1020 2
222 990 238 1002 2
190 1008 200 1020 2
512 1004 526 1022 2
568 1000 588 1014 1
672 996 684 1014 1
686 1002 700 1014 1
652 1002 668 1016 1
708 1004 720 1016 1
728 998 740 1016 1
744 1000 756 1020 1
800 1000 812 1016 1
814 1000 826 1016 1
24 1078 48 1096 1
52 1082 62 1096 1
76 1084 90 1100 1
150 1080 164 1096 1
166 1082 176 1096 1
180 1078 194 1094 1
202 1078 218 1096 1
218 1082 232 1094 1
250 1082 272 1094 1
270 1080 286 1098 1
304 1078 326 1094 1
342 1080 356 1102 1
406 1082 420 1098 1
326 1080 340 1096 1
570 1080 584 1098 1
588 1082 600 1096 1
624 1084 642 1098 1
646 1082 660 1098 1
660 1082 674 1096 1
682 1082 698 1098 1
702 1080 716 1100 1
718 1080 736 1096 1
738 1082 750 1098 1
774 1082 790 1098 1
808 1084 820 1098 1
824 1084 850 1100 1
854 1082 872 1100 1
22 1160 40 1178 1
144 1164 158 1180 1
170 1166 190 1184 1
230 1164 248 1180 1
250 1164 264 1180 1
306 1166 322 1178 1
326 1166 342 1180 1
358 1164 374 1180 1
378 1166 396 1184 1
416 1162 430 1178 1
580 1162 592 1180 1
566 1166 582 1182 1
608 1166 628 1182 1
726 1166 744 1184 1
768 1168 782 1182 1
682 1164 700 1178 1
806 1170 818 1182 1
546 1250 566 1266 1
580 1248 610 1266 1
668 1254 692 1268 1
696 1250 708 1266 1
718 1250 734 1264 1
736 1252 754 1266 1
796 1252 810 1270 1
806 1252 824 1270 1
844 1254 856 1270 1
862 1256 876 1272 1
404 1252 416 1266 1
366 1248 386 1264 1
274 1250 288 1266 1
260 1254 268 1266 1
312 1252 324 1266 1
326 1252 338 1266 1
142 1252 154 1262 1
166 1252 176 1262 1
182 1250 194 1262 1
108 1252 122 1262 1
66 1248 84 1260 1
20 1250 40 1264 1
104 1162 118 1176 1
84 1162 96 1174 1
70 1162 80 1176 1
44 1164 58 1178 1
138 1152 154 1164 2
38 1128 56 1144 2
24 1334 38 1348 1
48 1334 60 1348 1
64 1336 76 1352 1
80 1336 102 1352 1
114 1334 128 1352 1
156 1332 164 1346 1
170 1332 180 1348 1
282 1336 300 1348 1
304 1340 314 1354 1
324 1336 338 1352 1
340 1336 350 1352 1
354 1332 370 1352 1
384 1334 394 1348 1
396 1332 408 1348 1
546 1336 558 1352 1
562 1332 574 1352 1
580 1336 592 1354 1
614 1332 628 1354 1
662 1334 684 1350 1
692 1332 704 1350 1
726 1338 742 1354 1
748 1340 762 1358 1
782 1334 810 1352 1
192 1334 206 1350 1
228 1334 242 1350 1
248 1328 266 1344 1
854 1330 866 1350 1
870 1336 886 1354 1
890 1390 908 1402 2
982 1368 994 1382 2
1128 1386 1152 1404 2
982 1308 998 1320 2
984 1196 1002 1214 2
884 1218 898 1234 2
978 1108 992 1120 2
1122 1022 1136 1036 2
984 1062 996 1074 2
1008 1042 1028 1060 2
802 970 814 984 2
1066 872 1082 888 2
878 1084 894 1098 1
904 1084 914 1098 1
916 1084 934 1100 1
934 1086 954 1100 1
984 1086 1002 1098 1
1004 1074 1026 1094 1
844 1166 866 1178 1
880 1166 890 1180 1
896 1166 908 1184 1
918 1168 934 1186 1
940 1166 950 1178 1
948 1174 960 1186 1
962 1166 976 1180 1
976 1168 990 1184 1
990 1168 1004 1184 1
1190 1168 1206 1182 1
1228 1170 1236 1186 1
920 1256 936 1270 1
938 1254 956 1270 1
974 1254 992 1272 1
990 1254 1006 1268 1
1010 1256 1026 1270 1
1188 1254 1214 1270 1
910 1334 926 1350 1
938 1334 956 1352 1
964 1336 982 1354 1
998 1334 1020 1352 1
1166 1336 1184 1350 1
1218 1340 1232 1356 1
1134 1084 1152 1100 1
1198 1086 1210 1102 1
1216 1084 1228 1098 1
1142 1000 1160 1014 1
1138 1168 1150 1180 1
1166 1002 1178 1018 1
1182 1002 1192 1016 1
1220 1002 1234 1018 1
1236 1004 1246 1020 1
1200 828 1210 844 1
1238 832 1252 846 1
1244 918 1254 932 1
1224 920 1236 936 1
1022 918 1036 932 1
1012 998 1026 1016 1
900 1002 918 1020 1
928 1002 940 1018 1
946 998 964 1016 1
976 1000 994 1020 1
998 1000 1008 1018 1
850 1004 868 1018 1
830 1002 848 1018 1
870 1002 890 1018 1
80 66 1310 92 3
78 146 1294 172 3
70 238 1296 264 3
68 320 1294 344 3
68 408 1276 426 3
56 486 1276 508 3
46 576 1280 602 3
46 660 1268 686 3
42 740 1268 762 3
44 824 1258 846 3
34 914 1250 936 3
28 998 1260 1018 3
14 1078 1244 1102 3
16 1162 1234 1186 3
10 1246 1226 1266 3
0 1332 1246 1354 3
