578 100 616 130 2
320 212 336 226 2
180 216 196 238 2
234 42 260 62 2
222 54 242 72 2
754 62 774 78 2
904 50 924 64 2
944 40 958 58 2
1004 38 1014 52 2
640 200 654 214 2
466 208 482 222 2
396 226 410 240 2
382 192 394 206 2
456 190 472 208 2
138 234 156 248 2
880 226 898 238 2
826 198 844 216 2
990 216 1012 232 2
980 200 998 218 2
960 212 974 230 2
762 624 796 652 2
324 696 346 726 2
408 722 426 740 2
650 730 664 744 2
986 788 1002 800 2
920 638 944 652 2
556 648 574 662 2
214 648 230 662 2
234 640 250 650 2
394 536 408 552 2
414 554 428 566 2
674 546 688 566 2
908 558 930 576 2
866 536 888 554 2
884 384 900 404 2
900 364 916 376 2
926 320 940 340 2
338 386 356 406 2
348 360 368 378 2
116 362 134 376 2
170 448 192 462 2
102 788 116 800 2
132 702 150 716 2
456 714 470 730 2
882 722 894 734 2
940 722 952 736 2
768 654 790 674 2
974 654 994 666 2
302 568 320 580 2
312 552 330 570 2
134 438 154 454 2
574 366 592 380 2
80 382 96 396 2
108 82 124 94 1
126 80 136 100 1
138 82 148 98 1
166 80 180 92 1
182 82 192 96 1
198 80 210 94 1
224 80 238 92 1
268 78 282 94 1
310 80 324 92 1
328 80 340 98 1
344 80 362 102 1
292 80 306 94 1
386 78 408 96 1
426 76 450 90 1
602 82 612 94 1
620 82 638 96 1
748 82 768 98 1
778 80 796 98 1
824 78 844 94 1
872 74 892 94 1
132 162 152 178 1
188 162 210 180 1
216 160 226 174 1
230 158 240 172 1
248 162 262 180 1
264 166 274 178 1
310 164 332 174 1
430 166 444 180 1
798 162 828 176 1
834 160 856 182 1
870 162 894 180 1
452 250 474 266 1
576 254 596 266 1
608 256 622 266 1
626 256 638 272 1
662 254 676 270 1
684 250 700 264 1
774 254 792 264 1
794 250 808 264 1
828 252 846 266 1
868 250 880 268 1
932 248 946 266 1
408 250 416 264 1
426 256 440 268 1
372 254 392 270 1
222 254 244 272 1
184 252 200 270 1
128 250 142 266 1
92 250 106 268 1
72 254 86 266 1
276 254 292 274 1
920 80 934 92 1
940 74 950 88 1
958 78 968 90 1
974 78 992 94 1
650 164 672 178 1
702 162 716 176 1
722 164 738 176 1
774 162 788 176 1
908 162 926 174 1
576 164 590 176 1
582 334 600 350 1
616 336 634 350 1
642 336 652 350 1
654 336 668 350 1
692 330 706 346 1
716 336 734 352 1
742 334 760 350 1
764 332 782 346 1
824 334 838 350 1
854 332 872 348 1
878 334 896 352 1
898 336 910 348 1
414 334 432 348 1
400 334 412 352 1
382 336 404 354 1
340 334 358 346 1
306 332 320 352 1
326 334 338 348 1
272 334 290 352 1
242 336 262 352 1
210 334 228 348 1
168 336 186 348 1
120 332 136 346 1
100 336 114 348 1
66 336 82 354 1
60 414 74 432 1
84 414 96 428 1
118 416 130 428 1
136 416 152 434 1
166 416 186 430 1
194 416 206 430 1
212 418 230 436 1
258 418 282 430 1
302 422 320 434 1
322 420 336 432 1
344 418 358 432 1
362 420 376 430 1
394 414 408 430 1
632 416 644 430 1
680 418 698 436 1
752 414 772 432 1
972 330 984 346 1
936 336 950 350 1
918 336 934 348 1
870 420 888 432 1
888 416 902 430 1
928 418 944 430 1
948 416 962 434 1
964 414 978 436 1
1004 416 1014 434 1
988 336 1000 352 1
1004 330 1016 350 1
994 250 1012 268 1
832 418 852 436 1
58 500 72 514 1
76 496 94 510 1
114 500 130 512 1
132 502 146 514 1
148 494 162 514 1
188 500 198 518 1
206 500 220 514 1
248 502 260 514 1
302 500 320 518 1
328 500 350 514 1
354 498 366 514 1
376 498 388 514 1
388 498 404 518 1
414 500 428 516 1
432 500 444 514 1
448 500 462 514 1
828 500 844 516 1
868 500 888 514 1
938 502 958 516 1
1008 500 1020 512 1
784 502 808 516 1
810 502 824 516 1
640 500 662 514 1
614 502 628 514 1
908 588 930 602 1
964 590 982 602 1
1000 586 1016 598 1
938 592 956 602 1
884 586 902 598 1
628 584 644 602 1
688 590 704 602 1
760 590 778 604 1
780 588 792 604 1
414 588 428 602 1
390 586 406 602 1
370 588 386 606 1
340 588 358 600 1
258 588 278 606 1
190 588 204 600 1
172 592 184 604 1
156 586 170 602 1
138 588 158 604 1
116 590 134 602 1
98 588 116 604 1
76 588 94 606 1
50 756 68 772 1
92 756 112 774 1
88 670 104 684 1
118 670 146 684 1
148 672 160 690 1
168 670 180 688 1
184 670 198 686 1
204 668 220 682 1
216 670 238 690 1
254 670 274 682 1
316 668 334 684 1
400 670 410 684 1
424 670 436 686 1
572 670 582 688 1
616 670 628 682 1
836 666 860 694 1
756 672 788 684 1
892 668 910 680 1
864 672 874 682 1
878 670 892 686 1
960 668 978 686 1
994 676 1012 688 1
936 674 948 686 1
922 672 932 686 1
142 758 160 772 1
168 754 180 768 1
128 756 138 766 1
186 754 196 770 1
232 750 250 770 1
256 752 272 768 1
274 756 286 770 1
292 750 310 768 1
312 754 324 766 1
334 756 344 770 1
346 754 360 768 1
370 750 382 764 1
422 754 446 766 1
900 750 934 772 1
940 756 948 768 1
968 758 980 770 1
988 754 1014 768 1
860 754 876 766 1
842 754 854 766 1
818 754 836 768 1
748 756 772 768 1
606 752 624 770 1
582 756 594 768 1
566 754 578 768 1
704 1008 752 1058 2
942 868 974 914 2
180 870 204 888 2
120 860 136 878 2
128 880 144 894 2
282 1232 296 1252 2
100 1060 118 1082 2
80 1052 102 1066 2
216 862 230 880 2
320 882 340 896 2
502 900 524 916 2
434 900 456 910 2
592 896 614 908 2
686 904 706 918 2
742 890 756 906 2
844 898 858 910 2
302 782 316 806 2
290 1068 310 1080 2
418 982 432 998 2
374 990 390 1006 2
478 1042 498 1054 2
638 1060 658 1076 2
700 1056 722 1078 2
540 1048 560 1062 2
352 1112 374 1130 2
616 1108 636 1122 2
854 1066 874 1080 2
844 1058 860 1072 2
790 1022 806 1040 2
818 1030 832 1046 2
352 1032 370 1046 2
152 1068 170 1082 2
102 976 120 990 2
52 1232 66 1244 2
794 1230 812 1246 2
806 1198 830 1216 2
808 1218 828 1238 2
890 1218 912 1238 2
912 1224 926 1242 2
896 1196 910 1210 2
404 1210 420 1224 2
378 1194 392 1210 2
688 1188 700 1200 2
98 1382 118 1402 2
6 1382 26 1396 2
562 1352 586 1368 2
806 1368 826 1382 2
744 1364 762 1382 2
270 1370 288 1386 2
74 1272 92 1286 2
144 1232 156 1248 2
424 1030 444 1046 2
768 966 790 986 2
794 852 806 866 2
24 922 46 940 1
58 922 68 942 1
78 924 88 938 1
92 922 104 942 1
108 920 120 942 1
122 924 144 936 1
152 922 164 940 1
166 924 178 944 1
194 920 218 940 1
222 926 236 942 1
224 912 244 928 2
240 924 254 936 1
258 924 272 936 1
276 924 290 944 1
296 922 306 940 1
312 924 324 942 1
352 926 376 940 1
386 924 398 940 1
398 928 412 944 1
904 924 918 948 1
918 922 928 940 1
564 924 576 938 1
586 926 604 942 1
602 918 616 934 1
632 928 642 942 1
694 922 714 942 1
562 834 580 854 1
600 834 614 850 1
616 836 628 854 1
634 834 654 850 1
682 832 696 852 1
730 838 750 852 1
834 834 856 850 1
882 834 906 852 1
916 834 926 852 1
928 834 936 854 1
950 838 962 850 1
966 834 978 850 1
218 834 236 850 1
248 834 260 850 1
264 838 278 850 1
288 834 304 852 1
310 832 322 844 1
336 840 352 852 1
376 836 390 852 1
414 832 432 850 1
130 838 144 848 1
68 836 82 848 1
48 834 64 846 1
690 670 708 684 1
878 924 890 938 1
786 922 798 942 1
28 1010 40 1024 1
44 1008 64 1026 1
84 1004 98 1020 1
100 1002 116 1020 1
122 1010 134 1024 1
140 1008 156 1022 1
162 1004 190 1022 1
194 1006 208 1024 1
214 1006 226 1024 1
234 1010 246 1028 1
250 1010 260 1028 1
268 1010 286 1026 1
290 1006 302 1022 1
304 1010 320 1028 1
342 1008 356 1020 1
360 1008 382 1026 1
522 1008 538 1024 1
562 1010 574 1024 1
576 1004 588 1022 1
596 1006 610 1022 1
630 1008 648 1024 1
656 1006 670 1024 1
932 1006 946 1022 1
850 1008 864 1022 1
798 1008 812 1020 1
948 1006 958 1020 1
22 1090 38 1108 1
42 1090 60 1106 1
62 1088 74 1106 1
82 1088 94 1106 1
98 1092 116 1106 1
154 1088 176 1108 1
192 1090 210 1106 1
216 1092 228 1106 1
234 1088 250 1108 1
258 1088 272 1108 1
278 1090 292 1106 1
300 1088 312 1108 1
318 1092 334 1108 1
336 1092 350 1106 1
532 1090 550 1104 1
556 1084 570 1102 1
648 1090 668 1108 1
724 1088 742 1104 1
850 1088 866 1106 1
870 1092 888 1106 1
894 1088 912 1104 1
930 1088 940 1106 1
942 1092 956 1106 1
816 1090 832 1104 1
758 1084 776 1104 1
782 1094 796 1106 1
744 1090 756 1108 1
816 1170 832 1186 1
746 1172 768 1186 1
772 1170 790 1184 1
680 1172 700 1184 1
588 1176 608 1190 1
510 1172 524 1186 1
56 1172 70 1190 1
86 1168 118 1186 1
122 1174 140 1186 1
156 1168 168 1188 1
172 1168 196 1190 1
224 1170 234 1188 1
268 1170 288 1188 1
294 1170 308 1184 1
328 1168 346 1188 1
348 1170 360 1188 1
362 1174 380 1188 1
846 1168 862 1184 1
868 1172 878 1184 1
886 1170 896 1184 1
904 1174 922 1188 1
940 1170 958 1184 1
24 1260 38 1276 1
56 1254 68 1274 1
74 1250 86 1272 1
92 1258 110 1272 1
256 1258 270 1276 1
278 1258 296 1274 1
328 1258 352 1276 1
312 1262 326 1274 1
166 1256 182 1274 1
184 1262 194 1274 1
372 1264 386 1276 1
664 1258 676 1270 1
686 1258 696 1272 1
718 1258 738 1272 1
774 1258 794 1274 1
810 1254 824 1276 1
842 1256 862 1276 1
888 1256 902 1274 1
904 1258 914 1272 1
918 1258 930 1272 1
936 1256 948 1270 1
952 1256 966 1268 1
156 1346 176 1358 1
124 1342 138 1356 1
14 1346 30 1358 1
178 1342 190 1354 1
198 1342 212 1356 1
222 1342 234 1356 1
250 1344 262 1356 1
284 1342 300 1354 1
374 1338 392 1356 1
636 1338 652 1354 1
666 1336 686 1358 1
696 1340 726 1354 1
908 1340 922 1354 1
890 1340 902 1354 1
838 1340 854 1354 1
802 1344 814 1358 1
816 1344 828 1362 1
758 1346 780 1358 1
780 1344 794 1356 1
930 1342 944 1358 1
946 1338 956 1354 1
514 1338 534 1354 1
582 1340 604 1356 1
608 1344 622 1356 1
318 1346 332 1356 1
854 1322 866 1336 2
930 1328 948 1344 2
994 1028 1016 1048 2
1200 1034 1212 1046 2
1186 1024 1202 1036 2
1054 1028 1068 1042 2
1070 994 1092 1012 2
1094 982 1108 1000 2
1036 1154 1054 1176 2
1084 1120 1102 1142 2
1122 1222 1136 1238 2
996 1208 1014 1230 2
1092 1218 1112 1234 2
1150 1382 1162 1400 2
1032 1364 1046 1382 2
1124 1362 1148 1376 2
1156 1364 1170 1378 2
1216 892 1240 916 2
1062 876 1082 892 2
992 882 1004 898 2
1022 878 1034 896 2
1010 718 1022 734 2
1020 730 1032 746 2
1168 698 1188 712 2
1132 698 1148 714 2
1084 706 1100 724 2
1188 1238 1208 1256 2
984 1092 1006 1112 1
958 1086 972 1106 1
962 1174 978 1188 1
978 1168 990 1188 1
966 1256 984 1274 1
954 1342 974 1360 1
964 1004 980 1024 1
966 922 984 942 1
992 924 1004 940 1
984 834 1004 852 1
1008 836 1022 856 1
1020 828 1034 848 1
1026 754 1038 772 1
1018 670 1038 684 1
1156 668 1174 682 1
1176 670 1184 688 1
1190 670 1206 684 1
1216 674 1230 686 1
1232 670 1244 686 1
1248 668 1260 680 1
1226 748 1240 762 1
1236 756 1246 768 1
1192 754 1204 768 1
1154 754 1166 768 1
1164 754 1176 768 1
1142 834 1152 852 1
1194 838 1218 856 1
1238 834 1250 848 1
1154 922 1170 934 1
1176 922 1190 936 1
1172 1006 1184 1016 1
1190 1004 1202 1022 1
1224 1002 1236 1020 1
1124 1086 1138 1100 1
1142 1092 1154 1106 1
1164 1090 1182 1104 1
1182 1084 1194 1106 1
1198 1090 1214 1106 1
1104 1168 1124 1182 1
1126 1168 1140 1190 1
1130 1254 1144 1274 1
1158 1258 1170 1272 1
1176 1258 1186 1276 1
1096 1342 1114 1358 1
1108 1336 1124 1356 1
1146 1342 1166 1356 1
1174 1342 1198 1358 1
1178 1162 1196 1182 1
1180 74 1210 96 1
1214 74 1224 94 1
1230 72 1246 92 1
1250 78 1260 92 1
1264 76 1274 90 1
1250 156 1268 170 1
1226 162 1244 174 1
1202 160 1222 174 1
1274 154 1292 174 1
1174 250 1186 264 1
1194 246 1206 266 1
1212 246 1224 266 1
1254 248 1264 268 1
1266 246 1280 268 1
1208 330 1228 354 1
1190 330 1208 348 1
1168 330 1184 344 1
1244 330 1262 344 1
1210 362 1230 376 1
1234 362 1256 376 1
1042 332 1060 352 1
1024 334 1038 348 1
1024 254 1042 266 1
1046 248 1060 266 1
990 164 1008 180 1
1016 80 1030 92 1
1050 78 1064 96 1
1164 414 1174 430 1
1034 414 1054 432 1
1032 500 1048 518 1
1024 588 1038 602 1
1038 580 1052 600 1
1186 496 1198 516 1
1200 500 1216 518 1
1158 498 1174 516 1
1260 414 1276 430 1
1184 412 1202 428 1
1168 586 1190 602 1
1198 586 1218 604 1
1252 590 1270 604 1
1252 496 1274 514 1
1236 498 1252 512 1
1224 414 1238 428 1
1154 22 1174 42 2
1052 24 1070 38 2
1028 42 1042 52 2
1130 194 1148 210 2
1244 180 1258 194 2
1198 214 1222 236 2
1218 198 1236 216 2
1102 370 1122 386 2
1090 380 1112 400 2
1096 444 1112 460 2
1216 432 1230 446 2
1206 546 1230 564 2
1150 522 1164 540 2
1156 538 1166 548 2
1152 550 1170 564 2
1178 528 1188 542 2
1106 600 1120 614 2
1138 602 1156 614 2
680 750 710 770 1
582 588 606 604 1
564 500 584 516 1
616 1256 640 1276 1
542 1256 562 1274 1
498 1258 516 1278 1
78 76 1288 98 3
76 160 1292 180 3
68 244 1288 270 3
64 332 1274 354 3
54 416 1282 436 3
54 500 1270 516 3
48 584 1260 606 3
44 672 1262 688 3
44 754 1256 774 3
28 836 1254 852 3
26 924 1242 942 3
20 1006 1230 1026 3
14 1088 1240 1106 3
8 1166 1232 1188 3
6 1260 1230 1274 3
8 1336 1230 1356 3
